MEMORY
  total             1.2 GB
  struct          159.0 KB
  buffer          326.9 KB
  arena             1.2 GB, used 0.0%

SIZES
  narena                1311768576
  nbuffer               334704
  nplugin               0
  maxuse_stack          7284
  maxuse_arena          34312
  maxuse_con            9
  maxuse_efc            37
  solver_nisland        1
  ncon                  8
  ne                    0
  nf                    9
  nl                    1
  nefc                  34
  nJ                    510
  nA                    0
  nisland               0
  threadpool            0

TIMER
    0:  duration =  0.76       number = 16
    1:  duration =  0.75       number = 16
    2:  duration =  0          number = 0
    3:  duration =  0.57       number = 16
    4:  duration =  0.062      number = 16
    5:  duration =  0.0041     number = 16
    6:  duration =  0.089      number = 16
    7:  duration =  0.0081     number = 16
    8:  duration =  0.064      number = 16
    9:  duration =  0.011      number = 16
    10:  duration =  0.44       number = 16
    11:  duration =  0.049      number = 16
    12:  duration =  0.0008     number = 16
    13:  duration =  0.056      number = 16
    14:  duration =  0.31       number = 16

SOLVER STAT
  solver_nisland = 1
  solver_fwdinv =   0         0       
  ISLAND 0
    solver_niter = 1
    solver_nnz = 225
      0:  improvement =  7.6e-15     gradient =  1.3e-16     lineslope =  0       
          nactive = 34   nchange = 0   neval = 2   nupdate = 0

ENERGY =   2.8e+02   2.5e-08 

TIME =  62      

QPOS
  -0.71    
  -1.8     
  -2.6     
  -2.7     
  -0.98    
   2       
  -0.84    
   0.00065 
  -0.00035 
   1       
   0       
   0.84    
   1       
   0       
   0       
   0       

QVEL
   1.7e-05 
  -3.3e-06 
   1e-05   
   1.7e-07 
  -8e-05   
  -1.5e-05 
   3.2e-05 
  -2e-08   
  -1.8e-08 
   0       
   0       
   6.8e-15 
   0       
   0       
   0       

QACC_WARMSTART
  -1.6e-06 
   6.6e-07 
  -1.9e-06 
  -1.1e-07 
   1.4e-05 
   6.4e-06 
   9.4e-07 
   7.8e-08 
  -5.4e-08 
   0       
   0       
  -5e-16   
   0       
   0       
   0       

CTRL
   0       
   0       
   0       
   0       
   0       
   0       
   0       
   0       
   0       

QFRC_APPLIED
   0       
   0       
   0       
   0       
   0       
   0       
   0       
   0       
   0       
   0       
   0       
   0       
   0       
   0       
   0       

XFRC_APPLIED
   0         0         0         0         0         0       
   0         0         0         0         0         0       
   0         0         0         0         0         0       
   0         0         0         0         0         0       
   0         0         0         0         0         0       
   0         0         0         0         0         0       
   0         0         0         0         0         0       
   0         0         0         0         0         0       
   0         0         0         0         0         0       
   0         0         0         0         0         0       
   0         0         0         0         0         0       
   0         0         0         0         0         0       
   0         0         0         0         0         0       
   0         0         0         0         0         0       
   0         0         0         0         0         0       
   0         0         0         0         0         0       
   0         0         0         0         0         0       
   0         0         0         0         0         0       
   0         0         0         0         0         0       
   0         0         0         0         0         0       
   0         0         0         0         0         0       

MOCAP_POS
   0.8       0        -1       
   0.8       0        -1       

MOCAP_QUAT
   1         0         0         0       
   1         0         0         0       

QACC
  -1.6e-06 
   6.6e-07 
  -1.9e-06 
  -1.1e-07 
   1.4e-05 
   6.4e-06 
   9.4e-07 
   7.8e-08 
  -5.4e-08 
   0       
   0       
  -5e-16   
   0       
   0       
   0       

SENSOR
   0.72    
   5       
  -0.11    
  -0.72    
   0.1     
  -0.00033 

XPOS
   0         0         0       
   0         0         0       
   0         0         0       
   0         0         0.33    
   0         0         0.33    
  -0.24      0.2       0.27    
  -0.25      0.16      0.2     
  -0.07     -0.16      0.063   
  -0.07     -0.16      0.063   
  -0.05     -0.24      0.046   
   0.054    -0.22      0.044   
   0.054    -0.22      0.044   
   0.15     -0.19      0.042   
   0.1      -0.2       0.042   
   0.16     -0.2       0.04    
   0.1      -0.2       0.043   
   0.16     -0.18      0.043   
   0.8       0         0.78    
   0.8       0        -1       
   0.8       0        -1       
   1         0         0.84    

XQUAT
   1         0         0         0       
   1         0         0         0       
   1         0         0         0       
   0.94      0         0        -0.35    
   0.23     -0.61     -0.36     -0.67    
  -0.053     0.63     -0.45     -0.63    
  -0.23      0.84      0.23      0.44    
   0.6       0.74      0.22      0.22    
  -0.051     0.78     -0.61     -0.082   
  -0.39      0.67     -0.24      0.58    
  -0.13      0.71      0.035     0.69    
   0.39      0.48      0.53      0.58    
   0.39      0.48      0.53      0.58    
  -0.13      0.71      0.035     0.69    
  -0.13      0.71      0.035     0.69    
  -0.13      0.71      0.035     0.69    
  -0.13      0.71      0.035     0.69    
   1         0         0         0       
   1         0         0         0       
   1         0         0         0       
   1         0         0         0       

XMAT
   1         0         0         0         1         0         0         0         1       
   1         0         0         0         1         0         0         0         1       
   1         0         0         0         1         0         0         0         1       
   0.76      0.65      0        -0.65      0.76     -0        -0         0         1       
  -0.14      0.75      0.65      0.12     -0.64      0.76      0.98      0.19     -1.1e-16 
  -0.21     -0.63     -0.75     -0.5      -0.59      0.64     -0.84      0.51     -0.19    
   0.51      0.59      0.63      0.18     -0.79      0.59      0.84     -0.18     -0.51    
   0.81      0.066     0.59      0.59     -0.18     -0.79      0.054     0.98     -0.18    
   0.23     -0.97     -0.066    -0.95     -0.24      0.18     -0.19      0.021    -0.98    
   0.2       0.13      0.97     -0.77     -0.59      0.24      0.6      -0.8      -0.021   
   0.054     0.23      0.97     -0.13     -0.96      0.24      0.99     -0.14     -0.021   
  -0.23      0.054     0.97      0.96     -0.13      0.24      0.14      0.99     -0.021   
  -0.23      0.054     0.97      0.96     -0.13      0.24      0.14      0.99     -0.021   
   0.054     0.23      0.97     -0.13     -0.96      0.24      0.99     -0.14     -0.021   
   0.054     0.23      0.97     -0.13     -0.96      0.24      0.99     -0.14     -0.021   
   0.054     0.23      0.97     -0.13     -0.96      0.24      0.99     -0.14     -0.021   
   0.054     0.23      0.97     -0.13     -0.96      0.24      0.99     -0.14     -0.021   
   1         0         0         0         1         0         0         0         1       
   1         0         0         0         1         0         0         0         1       
   1         0         0         0         1         0         0         0         1       
   1         0         0         0         1         0         0         0         1       

XIPOS
   0         0         0       
   0         0         0       
   0         0         0.05    
   0         0         0.26    
  -0.075     0.064     0.31    
  -0.21      0.15      0.25    
  -0.24      0.11      0.16    
  -0.16     -0.039     0.09    
  -0.056    -0.21      0.051   
   0.028    -0.22      0.044   
   0.054    -0.22      0.044   
   0.22     -0.17      0.04    
   0.24     -0.17      0.04    
   0.15     -0.19      0.041   
   0.16     -0.2       0.04    
   0.15     -0.19      0.042   
   0.16     -0.18      0.043   
   0.8       0         0.78    
   1.6       0        -2       
   1.6       0        -2       
   1         0         0.84    

XIMAT
   1         0         0         0         1         0         0         0         1       
   1         0         0         0         1         0         0         0         1       
   1         0         0         0         1         0         0         0         1       
   0.76      0.65      0        -0.65      0.76     -0        -0         0         1       
  -0.14      0.75      0.65      0.12     -0.64      0.76      0.98      0.19     -1.1e-16 
  -0.21     -0.63     -0.75     -0.5      -0.59      0.64     -0.84      0.51     -0.19    
   0.51      0.59      0.63      0.18     -0.79      0.59      0.84     -0.18     -0.51    
   0.81      0.066     0.59      0.59     -0.18     -0.79      0.054     0.98     -0.18    
   0.23     -0.97     -0.066    -0.95     -0.24      0.18     -0.19      0.021    -0.98    
   0.2       0.13      0.97     -0.77     -0.59      0.24      0.6      -0.8      -0.021   
   0.054     0.23      0.97     -0.13     -0.96      0.24      0.99     -0.14     -0.021   
  -0.23      0.97     -0.054     0.96      0.24      0.13      0.14     -0.021    -0.99    
  -0.23      0.054     0.97      0.96     -0.13      0.24      0.14      0.99     -0.021   
   0.054     0.23      0.97     -0.13     -0.96      0.24      0.99     -0.14     -0.021   
  -0.054    -0.23      0.97      0.13      0.96      0.24     -0.99      0.14     -0.021   
   0.054     0.23      0.97     -0.13     -0.96      0.24      0.99     -0.14     -0.021   
  -0.054    -0.23      0.97      0.13      0.96      0.24     -0.99      0.14     -0.021   
   1         0         0         0         1         0         0         0         1       
   1         0         0         0         1         0         0         0         1       
   1         0         0         0         1         0         0         0         1       
   1         0         0         0         1         0         0         0         1       

XANCHOR
   0         0         0.33    
   0         0         0.33    
  -0.24      0.2       0.27    
  -0.25      0.16      0.2     
  -0.07     -0.16      0.063   
  -0.07     -0.16      0.063   
  -0.05     -0.24      0.046   
   0.1      -0.2       0.043   
   0.1      -0.2       0.043   
   1         0         0.84    

XAXIS
   0         0         1       
   0.65      0.76      4.4e-16 
  -0.75      0.64     -0.19    
   0.63      0.59     -0.51    
   0.59     -0.79     -0.18    
  -0.066     0.18     -0.98    
   0.97      0.24     -0.021   
   0.23     -0.96     -0.14    
   0.23     -0.96     -0.14    
   0         0         1       

GEOM_XPOS
   0.8       0         0       
  -0.45      2.2       1.5     
  -0.45     -2.2       1.5     
   2         3         1.5     
   2        -3         1.5     
  -1.2       0         1.5     
   3.8       0         1.5     
  -0.024     0.069     0.037   
  -0.025     0.073     0.037   
  -0.024    -0.065     0.063   
  -0.025    -0.073     0.063   
  -0.065    -0.066     0.048   
  -0.06      0.058     0.037   
  -0.059     0.058     0.036   
   0.011    -0.072     0.046   
  -0.03     -3.4e-05   0.053   
  -0.025    -0.073     0.033   
  -0.024    -0.065     0.033   
   0.011     0.072     0.046   
  -0.029    -0.00088   0.057   
  -0.021    -0.025     0.27    
  -0.021    -0.025     0.27    
  -0.03      0.068     0.32    
  -0.032     0.069     0.32    
  -0.23      0.14      0.26    
  -0.22      0.19      0.25    
  -0.19      0.14      0.23    
  -0.3       0.11      0.25    
  -0.23      0.14      0.26    
  -0.24      0.1       0.18    
  -0.24      0.14      0.15    
  -0.2       0.2       0.16    
  -0.28      0.13      0.16    
  -0.23      0.14      0.15    
  -0.083    -0.15      0.16    
  -0.14     -0.094     0.18    
  -0.13     -0.077     0.13    
  -0.13     -0.077     0.12    
  -0.049    -0.18      0.063   
  -0.075    -0.15      0.011   
  -0.11     -0.27      0.045   
  -0.12     -0.26      0.058   
  -0.12     -0.27      0.045   
  -0.13     -0.26      0.037   
  -0.13     -0.25      0.05    
  -0.13     -0.24      0.052   
  -0.11     -0.28      0.042   
  -0.074    -0.15      0.011   
  -0.12     -0.26      0.047   
  -0.12     -0.26      0.048   
  -0.12     -0.26      0.072   
  -0.13     -0.26      0.023   
  -0.071    -0.16      0.018   
  -0.12     -0.26      0.047   
  -0.061    -0.21      0.043   
  -0.065    -0.21      0.047   
   0.044    -0.28      0.036   
   0.046    -0.28      0.068   
   0.023    -0.18      0.05    
   0.021    -0.17      0.051   
   0.021    -0.17      0.052   
   0.043    -0.27      0.0036  
   0.03     -0.28      0.036   
   0.026    -0.22      0.044   
   0.03     -0.24      0.042   
   0.078    -0.21      0.043   
   0.077    -0.21      0.043   
   0.13     -0.21      0.04    
   0.13     -0.21      0.04    
   0.15     -0.2       0.041   
   0.13     -0.19      0.044   
   0.12     -0.19      0.044   
   0.14     -0.19      0.042   
   0.8       0         0.78    
   0.8       0         0.78    
   1.1       0.3       0.39    
   0.5       0.3       0.39    
   0.5      -0.3       0.39    
   1.1      -0.3       0.39    
   0.8       0        -1       
   0.8       0        -1       
   0.8       0        -1       
   0.8       0        -1       
   1         0         0.84    
   1         0         0.84    

GEOM_XMAT
   1         0         0         0         1         0         0         0         1       
   0.71      0         0.71      0.71      0        -0.71      0         1         0       
   0.71      0        -0.71     -0.71      0        -0.71      0         1         0       
   1         0         0         0         0        -1         0         1         0       
   1        -0         0         0         0         1        -0        -1         0       
   0         0         1         1         0         0         0         1         0       
   0         0        -1        -1         0         0         0         1         0       
  -0.16     -0.63      0.76      0.99     -0.1       0.12      0.0009    0.77      0.64    
  -0.084     0.71      0.7       0.99      0.013     0.11      0.066     0.71     -0.7     
   0.99     -0.0056   -0.17     -0.17      0.0013   -0.99      0.0057    1         0.0004  
   0.28     -0.61      0.74      0.96      0.24     -0.16     -0.085     0.76      0.65    
   0.16     -0.99      0.032     0.99      0.16      0.0071   -0.012     0.03      1       
  -0.16      0.18      0.97      0.99      0.029     0.16      0         0.98     -0.18    
   0        -1         0         1         0         0         0         0         1       
   0.16     -0.98     -0.12      0.99      0.16      0.022    -0.0026   -0.12      0.99    
  -0.42      0.0024    0.91     -0.0015   -1         0.0019    0.91     -0.00057   0.42    
   0.014    -0.99     -0.14     -0.0066    0.14     -0.99      1         0.015    -0.0045  
   0.99     -0.0078   -0.15     -0.15      0.027    -0.99      0.012     1         0.025   
  -0.16     -0.98     -0.12      0.99     -0.16     -0.022     0.0025   -0.12      0.99    
  -0.36      0.0082    0.93      0.022    -1         0.017     0.93      0.027     0.36    
   0.76      0.6      -0.24     -0.65      0.7      -0.28     -0.00014   0.37      0.93    
   0.76      0.6      -0.24     -0.65      0.7      -0.28     -0.00014   0.37      0.93    
  -0.14      0.33     -0.93      0.12      0.94      0.31      0.98     -0.071    -0.18    
  -0.15      0.36     -0.92      0.12      0.93      0.34      0.98     -0.065    -0.18    
  -0.45      0.24     -0.86      0.68      0.71     -0.16      0.58     -0.66     -0.48    
  -0.35      0.28      0.89      0.82      0.55      0.15     -0.45      0.79     -0.42    
  -0.31      0.59     -0.74     -0.063     0.77      0.64      0.95      0.24     -0.2     
  -0.58     -0.46     -0.68     -0.59      0.81     -0.049     0.57      0.37     -0.74    
  -0.47      0.2      -0.86      0.6       0.79     -0.14      0.65     -0.58     -0.49    
   0.088    -0.81     -0.58      0.3      -0.54      0.79     -0.95     -0.24      0.19    
   0.52      0.83      0.21     -0.51      0.1       0.85      0.69     -0.55      0.48    
   0.63     -0.77      0.094     0.53      0.51      0.67     -0.57     -0.37      0.73    
   0.8      -0.56      0.22     -0.41     -0.24      0.88     -0.44     -0.79     -0.42    
   0.48      0.86      0.18     -0.51      0.1       0.86      0.72     -0.51      0.48    
   0.04     -0.81      0.59     -0.14     -0.59     -0.8       0.99     -0.05     -0.14    
  -0.13     -0.73      0.67     -0.11     -0.66     -0.74      0.98     -0.17      0.0072  
   0.81     -0.097     0.58      0.59      0.042    -0.81      0.054     0.99      0.091   
   0.81     -0.095     0.58      0.59      0.037    -0.81      0.055     0.99      0.086   
  -0.11      0.73      0.67      0.21      0.68     -0.7      -0.97      0.067    -0.23    
  -0.089    -0.42      0.9       0.28      0.86      0.43     -0.96      0.29      0.039   
  -0.89     -0.12      0.43     -0.45      0.31     -0.84     -0.032    -0.94     -0.34    
   0.23     -0.97     -0.066    -0.95     -0.24      0.18     -0.19      0.021    -0.98    
  -0.97     -0.066     0.23     -0.24      0.18     -0.95      0.021    -0.98     -0.19    
   0.23     -0.97     -0.066    -0.95     -0.24      0.18     -0.19      0.021    -0.98    
  -0.97     -0.066     0.23     -0.24      0.18     -0.95      0.021    -0.98     -0.19    
   0.23     -0.97     -0.066    -0.95     -0.24      0.18     -0.19      0.021    -0.98    
   0.23     -0.97     -0.066    -0.95     -0.24      0.18     -0.19      0.021    -0.98    
  -0.089     0.97      0.23      0.28      0.25     -0.93     -0.96     -0.018    -0.29    
  -0.9      -0.052     0.44     -0.44      0.15     -0.88     -0.022    -0.99     -0.16    
  -0.92     -0.4      -0.066    -0.4       0.9       0.18     -0.012     0.19     -0.98    
   0.23     -0.97     -0.066    -0.95     -0.24      0.18     -0.19      0.021    -0.98    
   0.23     -0.97     -0.066    -0.95     -0.24      0.18     -0.19      0.021    -0.98    
  -0.09      0.97      0.21      0.27      0.23     -0.93     -0.96     -0.026    -0.29    
  -0.9      -0.077     0.44     -0.44      0.2      -0.87     -0.021    -0.98     -0.22    
  -0.05      0.96      0.26     -0.078     0.26     -0.96     -1        -0.069     0.063   
  -0.039     0.99      0.11      0.041     0.11     -0.99     -1        -0.034    -0.046   
   0.9      -0.44      0.048     0.44      0.89     -0.12      0.0097    0.13      0.99    
   0.072     0.89     -0.45     -0.21      0.45      0.87      0.97      0.033     0.22    
   0.95     -0.17     -0.25      0.27      0.1       0.96     -0.13     -0.98      0.14    
   0.23     -0.054     0.97     -0.96      0.13      0.24     -0.14     -0.99     -0.021   
   0.23     -0.054     0.97     -0.96      0.13      0.24     -0.14     -0.99     -0.021   
  -0.037     0.89      0.46      0.051     0.46     -0.89     -1        -0.0096   -0.062   
   0.87     -0.49      0.053     0.5       0.86     -0.13      0.02      0.14      0.99    
   0.97     -0.13      0.2       0.24      0.59     -0.77     -0.018     0.8       0.6     
   0.96     -0.054    -0.29      0.29      0.13      0.95     -0.013    -0.99      0.14    
   0.055     0.96     -0.27     -0.13      0.27      0.95      0.99     -0.017     0.14    
   0.055     0.96     -0.26     -0.13      0.26      0.96      0.99     -0.018     0.14    
   0.46     -0.055     0.89     -0.88      0.13      0.46     -0.14     -0.99      0.014   
   0.048     0.4       0.92     -0.12     -0.91      0.4       0.99     -0.12      0.002   
  -0.054    -0.23      0.97      0.13      0.96      0.24     -0.99      0.14     -0.021   
   0.0062    0.054     1         0.99     -0.13      0.0011    0.13      0.99     -0.055   
  -0.051    -0.063     1         0.11      0.99      0.069    -0.99      0.12     -0.044   
  -0.054    -0.23      0.97      0.13      0.96      0.24     -0.99      0.14     -0.021   
   1         0         0         0         1         0         0         0         1       
   1         0         0         0         1         0         0         0         1       
   1         0         0         0         1         0         0         0         1       
   1         0         0         0         1         0         0         0         1       
   1         0         0         0         1         0         0         0         1       
   1         0         0         0         1         0         0         0         1       
   1         0         0         0         1         0         0         0         1       
   1         0         0         0         1         0         0         0         1       
   1         0         0         0         1         0         0         0         1       
   1         0         0         0         1         0         0         0         1       
   1         0         0         0         1         0         0         0         1       
   1         0         0         0         1         0         0         0         1       

SITE_XPOS
   0         0         0       
   0.054    -0.22      0.044   
   0.15     -0.19      0.042   
   0.12     -0.096     0.056   
   0.15     -0.21      0.14    
   0.24     -0.17      0.039   
   0.15     -0.19      0.042   
   0.8       0         0.8     
   1         0         0.84    

SITE_XMAT
   1         0         0         0         1         0         0         0         1       
  -0.23      0.054     0.97      0.96     -0.13      0.24      0.14      0.99     -0.021   
  -0.23      0.054     0.97      0.96     -0.13      0.24      0.14      0.99     -0.021   
  -0.97      0.054    -0.23     -0.24     -0.13      0.96      0.021     0.99      0.14    
  -0.23      0.97     -0.054     0.96      0.24      0.13      0.14     -0.021    -0.99    
  -0.23      0.054     0.97      0.96     -0.13      0.24      0.14      0.99     -0.021   
  -0.23      0.054     0.97      0.96     -0.13      0.24      0.14      0.99     -0.021   
   1         0         0         0         1         0         0         0         1       
   1         0         0         0         1         0         0         0         1       

CAM_XPOS
   2.4       0         1.4     
   0.6       0         3       
   1.3       0         1.4     
   0.74      1.3       1.5     
   1         0         0.4     
   0.056    -0.22      0.093   

CAM_XMAT
  -5.6e-17  -0.26      0.97      1         0         0         0         0.97      0.26    
   0        -1         0         1         0         0         0         0         1       
   0        -0.71      0.71      1         0         0         0         0.71      0.71    
  -1        -0.0078    0.023     0.024    -0.3       0.95     -0.00062   0.95      0.3     
   0        -0.71      0.71      1         0         0         0         0.71      0.71    
   0.23      0.054    -0.97     -0.96     -0.13     -0.24     -0.14      0.99      0.021   

LIGHT_XPOS
   1.8       1         1.5     

LIGHT_XDIR
  -0.19     -0.19     -0.96    

SUBTREE_COM
   0.48      0.00016   0.55    
  -0.073     0.00042   0.16    
  -0.073     0.00042   0.16    
  -0.092     0.00054   0.19    
  -0.12      0.00067   0.17    
  -0.13     -0.02      0.13    
  -0.11     -0.069     0.092   
  -0.052    -0.14      0.064   
   0.019    -0.21      0.047   
   0.092    -0.21      0.043   
   0.12     -0.2       0.042   
   0.19     -0.18      0.041   
   0.24     -0.17      0.04    
   0.15     -0.19      0.041   
   0.16     -0.2       0.04    
   0.15     -0.19      0.042   
   0.16     -0.18      0.043   
   0.8       0         0.78    
   1.6       0        -2       
   1.6       0        -2       
   1         0         0.84    

CDOF
   0         0         1        -0.00042  -0.073     0       
   0.65      0.76      4.4e-16  -0.13      0.11      0.056   
  -0.75      0.64     -0.19     -0.11     -0.11      0.046   
   0.63      0.59     -0.51     -0.11     -0.065    -0.21    
   0.59     -0.79     -0.18     -0.049    -0.057     0.09    
  -0.066     0.18     -0.98      0.17      0.0092   -0.0099  
   0.97      0.24     -0.021     0.033    -0.11      0.24    
   0         0         0         0.23     -0.96     -0.14    
   0         0         0         0.23     -0.96     -0.14    
   0         0         0         1         0         0       
   0         0         0         0         1         0       
   0         0         0         0         0         1       
   1         0         0         0        -1.1e-16   0       
   0         1         0         1.1e-16   0         0       
   0         0         1         0         0         0       

CINERT
   0         0         0         0         0         0         0         0         0         0       
   0         0         0         0         0         0         0        -0        -0         0       
   0.45      0.47      0.42      0.00012   0.032    -0.00019   0.29     -0.0017   -0.45      4       
   0.33      0.35      0.32      9.3e-05  -0.022     0.00013   0.22     -0.0013    0.3       3       
   0.38      0.37      0.31      0.00033   0.0008   -0.029    -0.0052    0.19      0.46      3       
   0.26      0.25      0.28      0.04      0.023    -0.026    -0.27      0.3       0.17      2       
   0.23      0.26      0.28      0.039    -0.00041   0.00027  -0.34      0.23     -0.0024    2       
   0.21      0.22      0.22     -0.0066   -0.012    -0.0056   -0.17     -0.078    -0.14      2       
   0.19      0.12      0.17      0.0053    0.0027   -0.036     0.025    -0.32     -0.17      1.5     
   0.082     0.062     0.08      0.011     0.0059   -0.013     0.05     -0.11     -0.059     0.5     
   0.08      0.065     0.081     0.014     0.0075   -0.013     0.063    -0.11     -0.059     0.5     
   0.085     0.12      0.086     0.011     0.0089   -0.001     0.087    -0.053    -0.036     0.3     
   0         0         0         0         0         0         0        -0        -0         0       
   0.01      0.016     0.019     0.0032    0.0028   -0.0023    0.023    -0.019    -0.012     0.1     
   0.011     0.011     0.011     0.00047   0.00028  -0.00024   0.0023   -0.002    -0.0012    0.01    
   0.01      0.016     0.019     0.0032    0.0028   -0.0023    0.023    -0.019    -0.012     0.1     
   0.01      0.011     0.011     0.00042   0.00027  -0.00022   0.0023   -0.0018   -0.0012    0.01    
   1.7       1.7       3.4       0         0         0         0         0         0         32      
   0         0         0         0         0         0         0         0         0         0       
   0         0         0         0         0         0         0         0         0         0       
   0.00017   0.00017   0.00017   0         0         0         0         0        -3e-17     0.27    

ACTUATOR_LENGTH
  -0.71    
  -1.8     
  -2.6     
  -2.7     
  -0.98    
   2       
  -0.84    
   0.00065 
  -0.00035 

actuator_moment
-----------------
 x               |
  x              |
   x             |
    x            |
     x           |
      x          |
       x         |
        x        |
         x       |
-----------------

ACTUATOR_MOMENT
     0:  1       
     1:  1       
     2:  1       
     3:  1       
     4:  1       
     5:  1       
     6:  1       
     7:  1       
     8:  1       

CRB
   0         0         0         0         0         0         0         0         0         0       
   2.3       2.3       2.3       0.12      0.053    -0.13      0         1e-17     1.7e-16   19      
   2.3       2.3       2.3       0.12      0.053    -0.13      0         1e-17     1.7e-16   19      
   1.9       1.9       1.9       0.12      0.021    -0.13     -0.29      0.0017    0.45      15      
   1.6       1.5       1.6       0.12      0.043    -0.13     -0.51      0.003     0.14      12      
   1.2       1.2       1.3       0.12      0.042    -0.099    -0.5      -0.19     -0.32      9       
   0.91      0.9       0.98      0.081     0.019    -0.073    -0.24     -0.49     -0.49      7       
   0.69      0.64      0.69      0.042     0.019    -0.073     0.11     -0.71     -0.49      5       
   0.48      0.42      0.48      0.048     0.031    -0.067     0.28     -0.64     -0.35      3       
   0.29      0.3       0.31      0.043     0.028    -0.032     0.25     -0.31     -0.18      1.5     
   0.21      0.24      0.23      0.032     0.023    -0.019     0.2      -0.2      -0.12      1       
   0.13      0.17      0.14      0.018     0.015    -0.006     0.14     -0.095    -0.063     0.52    
   0         0         0         0         0         0         0        -0        -0         0       
   0.021     0.027     0.03      0.0036    0.0031   -0.0025    0.025    -0.021    -0.013     0.11    
   0.011     0.011     0.011     0.00047   0.00028  -0.00024   0.0023   -0.002    -0.0012    0.01    
   0.021     0.027     0.03      0.0036    0.0031   -0.0025    0.025    -0.021    -0.013     0.11    
   0.01      0.011     0.011     0.00042   0.00027  -0.00022   0.0023   -0.0018   -0.0012    0.01    
   1.7       1.7       3.4       0         0         0         0         0         0         32      
   0         0         0         0         0         0         0         0         0         0       
   0         0         0         0         0         0         0         0         0         0       
   0.00017   0.00017   0.00017   0         0         0         0         0        -3e-17     0.27    

QM
   7        -0.22     -0.21     -0.56     -0.099    -0.35     -0.0042   -0.011    -0.011     0         0         0         0         0         0       
  -0.22      4.5       0.073     0.99     -0.16      0.023     0.16     -0.022    -0.022     0         0         0         0         0         0       
  -0.21      0.073     3.1       0.059    -0.47      0.2      -0.11      0.02      0.02      0         0         0         0         0         0       
  -0.56      0.99      0.059     2.8      -0.066     0.25      0.15      0.011     0.011     0         0         0         0         0         0       
  -0.099    -0.16     -0.47     -0.066     1.5      -0.0019    0.077     0.00088   0.00088   0         0         0         0         0         0       
  -0.35      0.023     0.2       0.25     -0.0019    1.2       3.5e-07   0.023     0.023     0         0         0         0         0         0       
  -0.0042    0.16     -0.11      0.15      0.077     3.5e-07   0.91     -3.1e-17  -3.3e-17   0         0         0         0         0         0       
  -0.011    -0.022     0.02      0.011     0.00088   0.023    -3.1e-17   1.1       0         0         0         0         0         0         0       
  -0.011    -0.022     0.02      0.011     0.00088   0.023    -3.3e-17   0         1.1       0         0         0         0         0         0       
   0         0         0         0         0         0         0         0         0         0.27      0         0         0         0         0       
   0         0         0         0         0         0         0         0         0         0         0.27      0         0         0         0       
   0         0         0         0         0         0         0         0         0         0         0         0.27      0         0         0       
   0         0         0         0         0         0         0         0         0         0         0         0         0.00017   0         0       
   0         0         0         0         0         0         0         0         0         0         0         0         0         0.00017   0       
   0         0         0         0         0         0         0         0         0         0         0         0         0         0         0.00017 

QLD
   6.8      -0.011    -0.061    -0.18     -0.064    -0.3      -0.0046   -0.01     -0.01      0         0         0         0         0         0       
  -0.011     4.2       0.011     0.35     -0.11      0.02      0.18     -0.02     -0.02      0         0         0         0         0         0       
  -0.061     0.011     2.9       0.0042   -0.3       0.17     -0.12      0.018     0.018     0         0         0         0         0         0       
  -0.18      0.35      0.0042    2.7      -0.051     0.21      0.17      0.01      0.01      0         0         0         0         0         0       
  -0.064    -0.11     -0.3      -0.051     1.5      -0.0016    0.084     0.0008    0.0008    0         0         0         0         0         0       
  -0.3       0.02      0.17      0.21     -0.0016    1.2       3.9e-07   0.021     0.021     0         0         0         0         0         0       
  -0.0046    0.18     -0.12      0.17      0.084     3.9e-07   0.91     -2.8e-17  -3e-17     0         0         0         0         0         0       
  -0.01     -0.02      0.018     0.01      0.0008    0.021    -2.8e-17   1.1       0         0         0         0         0         0         0       
  -0.01     -0.02      0.018     0.01      0.0008    0.021    -3e-17     0         1.1       0         0         0         0         0         0       
   0         0         0         0         0         0         0         0         0         0.27      0         0         0         0         0       
   0         0         0         0         0         0         0         0         0         0         0.27      0         0         0         0       
   0         0         0         0         0         0         0         0         0         0         0         0.27      0         0         0       
   0         0         0         0         0         0         0         0         0         0         0         0         0.00017   0         0       
   0         0         0         0         0         0         0         0         0         0         0         0         0         0.00017   0       
   0         0         0         0         0         0         0         0         0         0         0         0         0         0         0.00017 

QLDIAGINV
   0.15    
   0.24    
   0.34    
   0.37    
   0.65    
   0.85    
   1.1     
   0.9     
   0.9     
   3.7     
   3.7     
   3.7     
   5.8e+03 
   5.8e+03 
   5.8e+03 

B: body-dof matrix
-----------------
 xxxxxxxxxxxxxxx |
 xxxxxxxxx       |
 xxxxxxxxx       |
 xxxxxxxxx       |
 xxxxxxxxx       |
 xxxxxxxxx       |
 xxxxxxxxx       |
 xxxxxxxxx       |
 xxxxxxxxx       |
 xxxxxxxxx       |
 xxxxxxxxx       |
 xxxxxxxxx       |
 xxxxxxx         |
 xxxxxxxx        |
 xxxxxxxx        |
 xxxxxxx x       |
 xxxxxxx x       |
                 |
                 |
                 |
          xxxxxx |
-----------------

B_rownnz              15 9 9 9 9 9 9 9 9 9 9 9 7 8 8 8 8 0 0 0 6

B_rowadr              0 15 24 33 42 51 60 69 78 87 96 105 114 121 129 137 145 153 153 153 153

B_colind              0 1 2 3 4 5 6 7 8 9 10 11 12 13 14 0 1 2 3 4 5 6 7 8 0 1 2 3 4 5 6 7 8 0 1 2 3 4 5 6 7 8 0 1 2 3 4 5 6 7 8 0 1 2 3 4 5 6 7 8 0 1 2 3 4 5 6 7 8 0 1 2 3 4 5 6 7 8 0 1 2 3 4 5 6 7 8 0 1 2 3 4 5 6 7 8 0 1 2 3 4 5 6 7 8 0 1 2 3 4 5 6 7 8 0 1 2 3 4 5 6 0 1 2 3 4 5 6 7 0 1 2 3 4 5 6 7 0 1 2 3 4 5 6 8 0 1 2 3 4 5 6 8 9 10 11 12 13 14

C: reduced dof-dof matrix
-----------------
 x               |
 xx              |
 xxx             |
 xxxx            |
 xxxxx           |
 xxxxxx          |
 xxxxxxx         |
 xxxxxxxx        |
 xxxxxxx x       |
          x      |
           x     |
            x    |
             x   |
              x  |
               x |
-----------------

C_rownnz              1 2 3 4 5 6 7 8 8 1 1 1 1 1 1

C_rowadr              0 1 3 6 10 15 21 28 36 44 45 46 47 48 49

C_colind              0 0 1 0 1 2 0 1 2 3 0 1 2 3 4 0 1 2 3 4 5 0 1 2 3 4 5 6 0 1 2 3 4 5 6 7 0 1 2 3 4 5 6 8 9 10 11 12 13 14

mapM2C                0 2 1 5 4 3 9 8 7 6 14 13 12 11 10 20 19 18 17 16 15 27 26 25 24 23 22 21 35 34 33 32 31 30 29 28 43 42 41 40 39 38 37 36 44 45 47 50 54 59

D: dof-dof matrix
-----------------
 Dxxxxxxxx       |
 xDxxxxxxx       |
 xxDxxxxxx       |
 xxxDxxxxx       |
 xxxxDxxxx       |
 xxxxxDxxx       |
 xxxxxxDxx       |
 xxxxxxxD        |
 xxxxxxx D       |
          Dxxxxx |
          xDxxxx |
          xxDxxx |
          xxxDxx |
          xxxxDx |
          xxxxxD |
-----------------

D_rownnz              9 9 9 9 9 9 9 8 8 6 6 6 6 6 6

D_rowadr              0 9 18 27 36 45 54 63 71 79 85 91 97 103 109

D_colind              0 1 2 3 4 5 6 7 8 0 1 2 3 4 5 6 7 8 0 1 2 3 4 5 6 7 8 0 1 2 3 4 5 6 7 8 0 1 2 3 4 5 6 7 8 0 1 2 3 4 5 6 7 8 0 1 2 3 4 5 6 7 8 0 1 2 3 4 5 6 7 0 1 2 3 4 5 6 8 9 10 11 12 13 14 9 10 11 12 13 14 9 10 11 12 13 14 9 10 11 12 13 14 9 10 11 12 13 14 9 10 11 12 13 14

mapM2D                0 2 5 9 14 20 27 35 43 2 1 4 8 13 19 26 34 42 5 4 3 7 12 18 25 33 41 9 8 7 6 11 17 24 32 40 14 13 12 11 10 16 23 31 39 20 19 18 17 16 15 22 30 38 27 26 25 24 23 22 21 29 37 35 34 33 32 31 30 29 28 43 42 41 40 39 38 37 36 44 46 49 53 58 64 46 45 48 52 57 63 49 48 47 51 56 62 53 52 51 50 55 61 58 57 56 55 54 60 64 63 62 61 60 59

mapD2M                0 10 9 20 19 18 30 29 28 27 40 39 38 37 36 50 49 48 47 46 45 60 59 58 57 56 55 54 70 69 68 67 66 65 64 63 78 77 76 75 74 73 72 71 79 86 85 93 92 91 100 99 98 97 107 106 105 104 103 114 113 112 111 110 109

QDERIV
   0         0         0         0         0         0         0         0         0         0         0         0         0         0         0       
   0         0         0         0         0         0         0         0         0         0         0         0         0         0         0       
   0         0         0         0         0         0         0         0         0         0         0         0         0         0         0       
   0         0         0         0         0         0         0         0         0         0         0         0         0         0         0       
   0         0         0         0         0         0         0         0         0         0         0         0         0         0         0       
   0         0         0         0         0         0         0         0         0         0         0         0         0         0         0       
   0         0         0         0         0         0         0         0         0         0         0         0         0         0         0       
   0         0         0         0         0         0         0         0         0         0         0         0         0         0         0       
   0         0         0         0         0         0         0         0         0         0         0         0         0         0         0       
   0         0         0         0         0         0         0         0         0         0         0         0         0         0         0       
   0         0         0         0         0         0         0         0         0         0         0         0         0         0         0       
   0         0         0         0         0         0         0         0         0         0         0         0         0         0         0       
   0         0         0         0         0         0         0         0         0         0         0         0         0         0         0       
   0         0         0         0         0         0         0         0         0         0         0         0         0         0         0       
   0         0         0         0         0         0         0         0         0         0         0         0         0         0         0       

QLU
   0         0         0         0         0         0         0         0         0         0         0         0         0         0         0       
   0         0         0         0         0         0         0         0         0         0         0         0         0         0         0       
   0         0         0         0         0         0         0         0         0         0         0         0         0         0         0       
   0         0         0         0         0         0         0         0         0         0         0         0         0         0         0       
   0         0         0         0         0         0         0         0         0         0         0         0         0         0         0       
   0         0         0         0         0         0         0         0         0         0         0         0         0         0         0       
   0         0         0         0         0         0         0         0         0         0         0         0         0         0         0       
   0         0         0         0         0         0         0         0         0         0         0         0         0         0         0       
   0         0         0         0         0         0         0         0         0         0         0         0         0         0         0       
   0         0         0         0         0         0         0         0         0         0         0         0         0         0         0       
   0         0         0         0         0         0         0         0         0         0         0         0         0         0         0       
   0         0         0         0         0         0         0         0         0         0         0         0         0         0         0       
   0         0         0         0         0         0         0         0         0         0         0         0         0         0         0       
   0         0         0         0         0         0         0         0         0         0         0         0         0         0         0       
   0         0         0         0         0         0         0         0         0         0         0         0         0         0         0       

CONTACT
  0:
     dim           3
     geoms         floor : robot0_link6_collision
     exclude       0
     efc_address   10
     solref         0.02      1       
     solimp         0.9       0.95      0.001     0.5       2       
     dist          -5.7e-05 
     includemargin  0       
     pos           -0.046    -0.18     -2.9e-05 
     frame          0         0         1         0         1         0        -1         0         0       
     friction       1         1         0.005     0.0001    0.0001  
     mu             0.22    
  1:
     dim           3
     geoms         floor : robot0_link7_collision
     exclude       0
     efc_address   13
     solref         0.02      1       
     solimp         0.9       0.95      0.001     0.5       2       
     dist          -9.7e-06 
     includemargin  0       
     pos            0.043    -0.22     -4.9e-06 
     frame          0         0         1         0         1         0        -1         0         0       
     friction       1         1         0.005     0.0001    0.0001  
     mu             0.22    
  2:
     dim           3
     geoms         robot0_link0_collision : robot0_link5_collision
     exclude       0
     efc_address   16
     solref         0.02      1       
     solimp         0.9       0.95      0.001     0.5       2       
     dist          -1.2e-05 
     includemargin  0       
     pos           -0.1      -0.04      0.076   
     frame         -0.64     -0.46      0.62     -0.33      0.89      0.32     -0.69      2.8e-17  -0.72    
     friction       1         1         0.005     0.0001    0.0001  
     mu             0.22    
  3:
     dim           3
     geoms         gripper0_finger1_pad_collision : gripper0_finger2_pad_collision
     exclude       0
     efc_address   19
     solref         0.01      0.5     
     solimp         0.9       0.95      0.001     0.5       2       
     dist          -2.3e-07 
     includemargin  0       
     pos            0.14     -0.2       0.05    
     frame         -0.23      0.96      0.14      0.033    -0.14      0.99      0.97      0.24      0       
     friction       2         2         0.05      0.0001    0.0001  
     mu             0.45    
  4:
     dim           3
     geoms         gripper0_finger1_pad_collision : gripper0_finger2_pad_collision
     exclude       0
     efc_address   22
     solref         0.01      0.5     
     solimp         0.9       0.95      0.001     0.5       2       
     dist          -2.3e-07 
     includemargin  0       
     pos            0.14     -0.19      0.034   
     frame         -0.23      0.96      0.14      0.033    -0.14      0.99      0.97      0.24      0       
     friction       2         2         0.05      0.0001    0.0001  
     mu             0.45    
  5:
     dim           3
     geoms         gripper0_finger1_pad_collision : gripper0_finger2_pad_collision
     exclude       0
     efc_address   25
     solref         0.01      0.5     
     solimp         0.9       0.95      0.001     0.5       2       
     dist          -2.3e-07 
     includemargin  0       
     pos            0.15     -0.19      0.049   
     frame         -0.23      0.96      0.14      0.033    -0.14      0.99      0.97      0.24      0       
     friction       2         2         0.05      0.0001    0.0001  
     mu             0.45    
  6:
     dim           3
     geoms         gripper0_finger1_pad_collision : gripper0_finger2_pad_collision
     exclude       0
     efc_address   28
     solref         0.01      0.5     
     solimp         0.9       0.95      0.001     0.5       2       
     dist          -2.3e-07 
     includemargin  0       
     pos            0.15     -0.19      0.034   
     frame         -0.23      0.96      0.14      0.033    -0.14      0.99      0.97      0.24      0       
     friction       2         2         0.05      0.0001    0.0001  
     mu             0.45    
  7:
     dim           3
     geoms         sphere_g0 : table_collision
     exclude       0
     efc_address   31
     solref         0.02      1       
     solimp         0.9       0.95      0.001     0.5       2       
     dist          -0.00037 
     includemargin  0       
     pos            1         0         0.8     
     frame          0         0        -1         0         1         0         1        -0         0       
     friction       1         1         0.005     0.0001    0.0001  
     mu             0.22    

EFC_TYPE
  1
  1
  1
  1
  1
  1
  1
  1
  1
  3
  7
  7
  7
  7
  7
  7
  7
  7
  7
  7
  7
  7
  7
  7
  7
  7
  7
  7
  7
  7
  7
  7
  7
  7

EFC_ID
  0
  1
  2
  3
  4
  5
  6
  7
  8
  1
  0
  0
  0
  1
  1
  1
  2
  2
  2
  3
  3
  3
  4
  4
  4
  5
  5
  5
  6
  6
  6
  7
  7
  7

EFC_J
   1         0         0         0         0         0         0         0         0         0         0         0         0         0         0       
   0         1         0         0         0         0         0         0         0         0         0         0         0         0         0       
   0         0         1         0         0         0         0         0         0         0         0         0         0         0         0       
   0         0         0         1         0         0         0         0         0         0         0         0         0         0         0       
   0         0         0         0         1         0         0         0         0         0         0         0         0         0         0       
   0         0         0         0         0         1         0         0         0         0         0         0         0         0         0       
   0         0         0         0         0         0         1         0         0         0         0         0         0         0         0       
   0         0         0         0         0         0         0         1         0         0         0         0         0         0         0       
   0         0         0         0         0         0         0         0         1         0         0         0         0         0         0       
   0         1         0         0         0         0         0         0         0         0         0         0         0         0         0       
   0        -0.085     0.17     -0.34      0.0028   -0.0025    0         0         0         0         0         0         0         0         0       
  -0.046     0.22     -0.24      0.024     0.032    -0.027     0         0         0         0         0         0         0         0         0       
  -0.18      0.25      0.25      0.29     -0.045     0.038     0         0         0         0         0         0         0         0         0       
   0        -0.17      0.13     -0.41      0.054    -0.016     0.0015    0         0         0         0         0         0         0         0       
   0.043     0.22     -0.26     -0.021     0.016    -0.12      0.043     0         0         0         0         0         0         0         0       
  -0.22      0.25      0.25      0.31     -0.039     0.07      0.01      0         0         0         0         0         0         0         0       
   0.022     0.079     0.25     -0.022     0.021     0         0         0         0         0         0         0         0         0         0       
  -0.1       0.23     -0.065    -0.0071    0.0087    0         0         0         0         0         0         0         0         0         0       
  -0.028     0.099     0.052     0.28     -0.04      0         0         0         0         0         0         0         0         0         0       
   0         0         0         0         0         0         0         1        -1         0         0         0         0         0         0       
   0         0         0         0         0         0         0         2.2e-16  -2.2e-16   0         0         0         0         0         0       
   0         0         0         0         0         0         0        -3.6e-16   3.6e-16   0         0         0         0         0         0       
   0         0         0         0         0         0         0         1        -1         0         0         0         0         0         0       
   0         0         0         0         0         0         0         2.2e-16  -2.2e-16   0         0         0         0         0         0       
   0         0         0         0         0         0         0        -3.6e-16   3.6e-16   0         0         0         0         0         0       
   0         0         0         0         0         0         0         1        -1         0         0         0         0         0         0       
   0         0         0         0         0         0         0         2.2e-16  -2.2e-16   0         0         0         0         0         0       
   0         0         0         0         0         0         0        -3.6e-16   3.6e-16   0         0         0         0         0         0       
   0         0         0         0         0         0         0         1        -1         0         0         0         0         0         0       
   0         0         0         0         0         0         0         2.2e-16  -2.2e-16   0         0         0         0         0         0       
   0         0         0         0         0         0         0        -3.6e-16   3.6e-16   0         0         0         0         0         0       
   0         0         0         0         0         0         0         0         0         0         0         1         0         0         0       
   0         0         0         0         0         0         0         0         0         0        -1         0        -0.04      0         0       
   0         0         0         0         0         0         0         0         0        -1         0         0         0         0.04      0       

EFC_POS
   0       
   0       
   0       
   0       
   0       
   0       
   0       
   0       
   0       
  -0.00011 
  -5.7e-05 
   0       
   0       
  -9.7e-06 
   0       
   0       
  -1.2e-05 
   0       
   0       
  -2.3e-07 
   0       
   0       
  -2.3e-07 
   0       
   0       
  -2.3e-07 
   0       
   0       
  -2.3e-07 
   0       
   0       
  -0.00037 
   0       
   0       

EFC_MARGIN
   0       
   0       
   0       
   0       
   0       
   0       
   0       
   0       
   0       
   0       
   0       
   0       
   0       
   0       
   0       
   0       
   0       
   0       
   0       
   0       
   0       
   0       
   0       
   0       
   0       
   0       
   0       
   0       
   0       
   0       
   0       
   0       
   0       
   0       

EFC_FRICTIONLOSS
   0.1     
   0.1     
   0.1     
   0.1     
   0.1     
   0.1     
   0.1     
   1       
   1       
   0       
   0       
   0       
   0       
   0       
   0       
   0       
   0       
   0       
   0       
   0       
   0       
   0       
   0       
   0       
   0       
   0       
   0       
   0       
   0       
   0       
   0       
   0       
   0       
   0       

EFC_DIAGAPPROX
   0.16    
   0.2     
   0.43    
   0.52    
   0.73    
   0.85    
   1.1     
   0.9     
   0.9     
   0.2     
   0.037   
   0.0018  
   0.0018  
   0.033   
   0.0017  
   0.0017  
   0.019   
   0.00097 
   0.00097 
   0.66    
   0.033   
   0.033   
   0.66    
   0.033   
   0.033   
   0.66    
   0.033   
   0.033   
   0.66    
   0.033   
   0.033   
   3.7     
   0.19    
   0.19    

EFC_KBIP
   0         1.1e+02   0.9       0       
   0         1.1e+02   0.9       0       
   0         1.1e+02   0.9       0       
   0         1.1e+02   0.9       0       
   0         1.1e+02   0.9       0       
   0         1.1e+02   0.9       0       
   0         1.1e+02   0.9       0       
   0         1.1e+02   0.9       0       
   0         1.1e+02   0.9       0       
   2.8e+03   1.1e+02   0.9      -22      
   2.8e+03   1.1e+02   0.9      -11      
   0         1.1e+02   0.9      -11      
   0         1.1e+02   0.9      -11      
   2.8e+03   1.1e+02   0.9      -1.9     
   0         1.1e+02   0.9      -1.9     
   0         1.1e+02   0.9      -1.9     
   2.8e+03   1.1e+02   0.9      -2.5     
   0         1.1e+02   0.9      -2.5     
   0         1.1e+02   0.9      -2.5     
   4.4e+04   2.1e+02   0.9      -0.046   
   0         2.1e+02   0.9      -0.046   
   0         2.1e+02   0.9      -0.046   
   4.4e+04   2.1e+02   0.9      -0.046   
   0         2.1e+02   0.9      -0.046   
   0         2.1e+02   0.9      -0.046   
   4.4e+04   2.1e+02   0.9      -0.046   
   0         2.1e+02   0.9      -0.046   
   0         2.1e+02   0.9      -0.046   
   4.4e+04   2.1e+02   0.9      -0.046   
   0         2.1e+02   0.9      -0.046   
   0         2.1e+02   0.9      -0.046   
   2.8e+03   1.1e+02   0.91     -73      
   0         1.1e+02   0.91     -73      
   0         1.1e+02   0.91     -73      

EFC_D
   55      
   44      
   21      
   17      
   12      
   11      
   7.9     
   10      
   10      
   45      
   2.4e+02 
   4.9e+03 
   4.9e+03 
   2.7e+02 
   5.4e+03 
   5.4e+03 
   4.6e+02 
   9.2e+03 
   9.2e+03 
   14      
   2.7e+02 
   2.7e+02 
   14      
   2.7e+02 
   2.7e+02 
   14      
   2.7e+02 
   2.7e+02 
   14      
   2.7e+02 
   2.7e+02 
   2.8     
   57      
   57      

EFC_R
   0.018   
   0.023   
   0.048   
   0.057   
   0.081   
   0.095   
   0.13    
   0.1     
   0.1     
   0.022   
   0.0041  
   0.0002  
   0.0002  
   0.0037  
   0.00019 
   0.00019 
   0.0022  
   0.00011 
   0.00011 
   0.074   
   0.0037  
   0.0037  
   0.074   
   0.0037  
   0.0037  
   0.074   
   0.0037  
   0.0037  
   0.074   
   0.0037  
   0.0037  
   0.35    
   0.018   
   0.018   

ACTUATOR_VELOCITY
   1.7e-05 
  -3.3e-06 
   1e-05   
   1.7e-07 
  -8e-05   
  -1.5e-05 
   3.2e-05 
  -2e-08   
  -1.8e-08 

CVEL
   0         0         0         0         0         0       
   0         0         0         0         0         0       
   0         0         0         0         0         0       
   0         0         1.7e-05  -7.1e-09  -1.2e-06   0       
  -2.1e-06  -2.5e-06   1.7e-05   4.2e-07  -1.6e-06  -1.8e-07 
  -9.7e-06   4e-06     1.5e-05  -6.9e-07  -2.7e-06   2.9e-07 
  -9.6e-06   4.1e-06   1.5e-05  -7.1e-07  -2.8e-06   2.5e-07 
  -5.6e-05   6.7e-05   3e-05     3.2e-06   1.8e-06  -6.9e-06 
  -5.5e-05   6.4e-05   4.4e-05   6.4e-07   1.7e-06  -6.8e-06 
  -2.4e-05   7.2e-05   4.3e-05   1.7e-06  -1.9e-06   8.5e-07 
  -2.4e-05   7.2e-05   4.3e-05   1.7e-06  -1.9e-06   8.5e-07 
  -2.4e-05   7.2e-05   4.3e-05   1.7e-06  -1.9e-06   8.5e-07 
  -2.4e-05   7.2e-05   4.3e-05   1.7e-06  -1.9e-06   8.5e-07 
  -2.4e-05   7.2e-05   4.3e-05   1.7e-06  -1.9e-06   8.5e-07 
  -2.4e-05   7.2e-05   4.3e-05   1.7e-06  -1.9e-06   8.5e-07 
  -2.4e-05   7.2e-05   4.3e-05   1.7e-06  -1.9e-06   8.5e-07 
  -2.4e-05   7.2e-05   4.3e-05   1.7e-06  -1.9e-06   8.5e-07 
   0         0         0         0         0         0       
   0         0         0         0         0         0       
   0         0         0         0         0         0       
   0         0         0         0         0         6.8e-15 

CDOF_DOT
   0         0         0         0         0         0       
  -1.3e-05   1.1e-05   0        -1.9e-06  -2.2e-06   7.9e-07 
  -1e-05    -1.3e-05  -3.2e-06   2.2e-06  -1.5e-06  -9.4e-07 
  -1.1e-05   4.5e-06  -8.2e-06   1.3e-06  -3.7e-06   2.4e-06 
   1.1e-05   6.9e-06   5.2e-06   1.9e-06   1.6e-07   2.9e-06 
  -7.1e-05  -5.7e-05  -5.8e-06  -1.5e-06   8.1e-06  -1.1e-05 
  -1.2e-05   4.2e-05  -7.6e-05   2.2e-05   8.1e-06   2.6e-06 
   0         0        -0         3.1e-05   6.7e-06   6.7e-06 
   0         0        -0         3.1e-05   6.7e-06   6.7e-06 
   0         0         0         0         0         0       
   0         0         0         0         0         0       
   0         0         0         0         0         0       
   0         0         0         0         6.8e-15   0       
   0         0         0        -6.8e-15   0         0       
   0         0         0         0         0         0       

QFRC_BIAS
  -9.3e-10 
   10      
   8.6     
  -16      
   1.2     
  -0.37    
  -0.00033 
  -0.15    
  -0.15    
   0       
   0       
   2.6     
   0       
   0       
   0       

QFRC_SPRING
   0       
   0       
   0       
   0       
   0       
   0       
   0       
   0       
   0       
   0       
   0       
   0       
   0       
   0       
   0       

QFRC_DAMPER
  -1.7e-06 
   3.3e-07 
  -1e-06   
  -1.7e-08 
   8e-06   
   1.5e-07 
  -3.2e-07 
   2e-06   
   1.8e-06 
   0       
   0       
   0       
   0       
   0       
   0       

QFRC_GRAVCOMP
   0       
   0       
   0       
   0       
   0       
   0       
   0       
   0       
   0       
   0       
   0       
   0       
   0       
   0       
   0       

QFRC_FLUID
  -1.1e-07 
  -1.1e-07 
  -1.5e-07 
  -2.7e-08 
   2.1e-07 
   6.3e-08 
   1.6e-08 
   1.9e-09 
   1.9e-09 
   0       
   0       
  -8e-20   
   0       
   0       
   0       

QFRC_PASSIVE
  -1.8e-06 
   2.2e-07 
  -1.2e-06 
  -4.4e-08 
   8.2e-06 
   2.1e-07 
  -3e-07   
   2e-06   
   1.8e-06 
   0       
   0       
  -8e-20   
   0       
   0       
   0       

EFC_VEL
   1.7e-05 
  -3.3e-06 
   1e-05   
   1.7e-07 
  -8e-05   
  -1.5e-05 
   3.2e-05 
  -2e-08   
  -1.8e-08 
  -3.3e-06 
   1.7e-06 
  -6.1e-06 
   1.6e-06 
  -2.2e-06 
  -8.1e-07 
   5.4e-07 
   9.7e-07 
  -3.8e-06 
   2.9e-06 
  -2.7e-09 
  -6e-25   
   9.7e-25 
  -2.7e-09 
  -6e-25   
   9.7e-25 
  -2.7e-09 
  -6e-25   
   9.7e-25 
  -2.7e-09 
  -6e-25   
   9.7e-25 
   6.8e-15 
   0       
   0       

EFC_AREF
  -0.0018  
   0.00035 
  -0.0011  
  -1.8e-05 
   0.0084  
   0.0016  
  -0.0033  
   2.1e-06 
   1.9e-06 
   0.27    
   0.14    
   0.00064 
  -0.00017 
   0.025   
   8.5e-05 
  -5.7e-05 
   0.031   
   0.0004  
  -0.00031 
   0.0092  
   1.3e-22 
  -2e-22   
   0.0092  
   1.3e-22 
  -2e-22   
   0.0092  
   1.3e-22 
  -2e-22   
   0.0092  
   1.3e-22 
  -2e-22   
   0.93    
  -0       
  -0       

SUBTREE_LINVEL
   0         0         0       
   0         0         0       
   0         0         0       
   0         0         0       
   0         0         0       
   0         0         0       
   0         0         0       
   0         0         0       
   0         0         0       
   0         0         0       
   0         0         0       
   0         0         0       
   0         0         0       
   0         0         0       
   0         0         0       
   0         0         0       
   0         0         0       
   0         0         0       
   0         0         0       
   0         0         0       
   0         0         0       

SUBTREE_ANGMOM
   0         0         0       
   0         0         0       
   0         0         0       
   0         0         0       
   0         0         0       
   0         0         0       
   0         0         0       
   0         0         0       
   0         0         0       
   0         0         0       
   0         0         0       
   0         0         0       
   0         0         0       
   0         0         0       
   0         0         0       
   0         0         0       
   0         0         0       
   0         0         0       
   0         0         0       
   0         0         0       
   0         0         0       

ACTUATOR_FORCE
   0       
   0       
   0       
   0       
   0       
   0       
   0       
  -0.65    
   0.35    

QFRC_ACTUATOR
   0       
   0       
   0       
   0       
   0       
   0       
   0       
  -0.65    
   0.35    
   0       
   0       
   0       
   0       
   0       
   0       

QFRC_SMOOTH
  -1.8e-06 
  -10      
  -8.6     
   16      
  -1.2     
   0.37    
   0.00033 
  -0.5     
   0.5     
   0       
   0       
  -2.6     
   0       
   0       
   0       

QACC_SMOOTH
   0.31    
  -3.8     
  -3       
   7.2     
  -1.7     
  -0.52    
  -0.76    
  -0.53    
   0.37    
   0       
   0       
  -9.8     
   0       
   0       
   0       

EFC_B
   0.32    
  -3.8     
  -3       
   7.2     
  -1.7     
  -0.52    
  -0.75    
  -0.53    
   0.37    
  -4.1     
  -2.8     
   0.016   
   0.4     
  -2.8     
  -0.19    
   0.45    
  -1.3     
  -0.78    
   1.5     
  -0.91    
  -2e-16   
   3.2e-16 
  -0.91    
  -2e-16   
   3.2e-16 
  -0.91    
  -2e-16   
   3.2e-16 
  -0.91    
  -2e-16   
   3.2e-16 
  -11      
   0       
   0       

EFC_FORCE
  -0.097   
   0.015   
  -0.022   
  -0.00031 
   0.1     
   0.016   
  -0.027   
   2.1e-05 
   1.9e-05 
   12      
   35      
   3.1     
  -0.84    
   6.6     
   0.46    
  -0.31    
   14      
   3.7     
  -2.9     
   0.12    
   2.6e-20 
  -4.3e-20 
   0.12    
   2.6e-20 
  -4.3e-20 
   0.12    
   2.6e-20 
  -4.3e-20 
   0.12    
   2.6e-20 
  -4.3e-20 
   2.6     
  -0       
  -0       

EFC_STATE
  1
  1
  1
  1
  2
  1
  1
  1
  1
  1
  1
  1
  1
  1
  1
  1
  1
  1
  1
  1
  1
  1
  1
  1
  1
  1
  1
  1
  1
  1
  1
  1
  1
  1

QFRC_CONSTRAINT
  -1.3e-05 
   10      
   8.6     
  -16      
   1.2     
  -0.37    
  -0.00032 
   0.5     
  -0.5     
   0       
   0       
   2.6     
   0       
   0       
   0       

QFRC_INVERSE
   0       
   0       
   0       
   0       
   0       
   0       
   0       
   0       
   0       
   0       
   0       
   0       
   0       
   0       
   0       

CACC
   0         0         0        -0        -0         9.8     
   0         0         0         0         0         9.8     
   0         0         0         0         0         9.8     
   0         0        -1.6e-06   6.8e-10   1.2e-07   9.8     
   4.3e-07   5e-07    -1.6e-06  -8.5e-08   1.9e-07   9.8     
   1.8e-06  -6.8e-07  -1.2e-06   1.2e-07   4e-07     9.8     
   1.7e-06  -7.4e-07  -1.2e-06   1.3e-07   4.1e-07   9.8     
   9.8e-06  -1.2e-05  -3.8e-06  -5.5e-07  -3.9e-07   9.8     
   9.4e-06  -1.1e-05  -1e-05     5.5e-07  -3.3e-07   9.8     
   1e-05    -1e-05    -1e-05     5.9e-07  -4.3e-07   9.8     
   1e-05    -1e-05    -1e-05     5.9e-07  -4.3e-07   9.8     
   1e-05    -1e-05    -1e-05     5.9e-07  -4.3e-07   9.8     
   1e-05    -1e-05    -1e-05     5.9e-07  -4.3e-07   9.8     
   1e-05    -1e-05    -1e-05     6e-07    -5.1e-07   9.8     
   1e-05    -1e-05    -1e-05     6e-07    -5.1e-07   9.8     
   1e-05    -1e-05    -1e-05     5.7e-07  -3.8e-07   9.8     
   1e-05    -1e-05    -1e-05     5.7e-07  -3.8e-07   9.8     
   0         0         0         0         0         9.8     
   0         0         0         0         0         9.8     
   0         0         0         0         0         9.8     
   0         0         0         0         0         9.8     

CFRC_INT
   7.3       1.3      -0.36     -1.1      -3.6       4.6e+02 
   7.3       1.9      -0.36     -1.1      -3.6       1.5e+02 
   7.3       1.9      -0.36     -1.1      -3.6       1.5e+02 
   8         3.7      -0.12      7.1      -0.34      94      
   8.1       5.8      -0.12      7.1      -0.34      65      
   6.2       5.8      -0.12      7.1      -0.34      35      
   3.3       3.1      -0.12      7.1      -0.34      16      
   1        -0.22     -0.12      7.1      -0.34     -4       
   1        -0.84     -0.36     -1.1      -3.6      -12      
  -1.7      -1.6      -0.12     -0.31     -0.46      8.3     
  -2        -2        -1.8e-06  -1.9e-07  -1.2e-06   10      
  -0.93     -1.3      -1.2e-06  -1.8e-10  -9.6e-07   5.1     
   0         0         0         0         0         0       
  -0.16     -0.25      0.082    -0.12      0.48      1.1     
   0.024    -0.024     0.082    -0.12      0.48      0.17    
  -0.25     -0.24     -0.082     0.12     -0.48      1       
  -0.062    -0.021    -0.082     0.12     -0.48      0.027   
   0        -0.53      0         0         0         3.2e+02 
   0         0         0         0         0         0       
   0         0         0         0         0         0       
   0         0         0         0         0         0       

CFRC_EXT
   0         0         0         0         0         0       
   0         0         0         0         0         0       
   0.76     -1.1       0.24      8.3       3.2      -12      
   0         0         0         0         0         0       
   0         0         0         0         0         0       
   0         0         0         0         0         0       
   0         0         0         0         0         0       
  -0.76      1.1      -0.24     -8.3      -3.2       12      
  -5.9      -1.1       0.24      0.84      3.1       35      
  -1.4      -0.81      0.12      0.31      0.46      6.6     
   0         0         0         0         0         0       
   0         0         0         0         0         0       
   0         0         0         0         0         0       
   0         0         0         0         0         0       
  -0.044     0.0014   -0.082     0.12     -0.48     -0.071   
   0         0         0         0         0         0       
   0.044    -0.0014    0.082    -0.12      0.48      0.071   
   0         0.53      0         0         0        -2.6     
   0         0         0         0         0         0       
   0         0         0         0         0         0       
   0         0         0         0         0         2.6     

